CaseID,Dx,SurgPathNo,Pit1Median,SF1Median,ASUMedian,PRLMedian,GHMedian,ACTHMedian,FSHMedian,LHMedian,TSHMedian,CAM52Median,P53Median,MIB1Median,SYNMedian,CHROMMedian,ERMedian,CK7Median,CK20Median,ECADMedian,SSTR2AMedian,GATA3Median,TPITMedian,CAM5.2Pattern,newDx
1,PRL,US07-15157,8,0,0,8,0,0,0,0,0,0,0,0,8,3,2,0,0,4,1,0,0,N,PRL
2,GON,US08-2344,0,8,0,0,0,0,0,0,0,0,0,4,8,8,0,0,0,0,0,7.5,0,N,GON
3,GON,AS08-5683,0,5,0,0,0,0,0,0,0,0,0,2,8,8,0,0,0,0,0,6,0,N,GON
4,GON,US08-5441,0,8,0,0,0,0,0,0,0,0,0,0,8,8,0,0,0,0,0,7,0,N,GON
5,PRL,US08-3716,8,0,0,8,0,0,0,0,0,0,6,0,8,1.5,8,0,0,0,0,0,0,N,PRL
6,GON,US08-8699,0,8,6.5,0,0,0,7,1.5,0,0,0,0,8,8,0,0,0,1,0,7,0,N,GON
7,TSH+,AS09-21389,8,0,7,1.5,4,0,0,0,8,0,0,0,8,7.5,0,2,0,2,8,0,0,N,TSH+
8,GON,US08-11186,0,8,0,0,0,0,0,0,0,0,0,1.5,8,7,0,0,0,0,0,6,0,N,GON
9,GON,AS03-1622,0,8,4,0,0,0,3.5,1,0,0,0,0,8,8,0,0,0,0,2,7,0,N,GON
10,NULL,AS03-3360,0,0,0,0,0,0,0,0,0,0,0,0,8,8,4,0,0,0,8,7,0,N,NULL
11,UNK,AS03-4964,3,8,6,0,0,0,2.5,2.5,0,1.5,0,0,8,8,0,0,0,0,1,7,0,D,UNK
12,GON,AS03-5707,0,8,0,0,0,0,0,0,0,0,0,4,8,8,0,0,0,0,0,7,0,N,GON
13,PRL,AS03-7294,8,0,0,8,0,0,0,0,0,4,0,0,8,0,8,0,0,0,0,NA,NA,G,PRL
14,PLUR,AS03-8118,4.5,2,0,4.5,3.5,7,0,0,0,6.5,0,1,8,4.5,3.5,0,0,0,1,0,5.5,D,PLUR
15,NULL,AS03-9063,0,0,5,0,0,0,0,0,0,0,7,3,8,6.5,0,0,0,0,8,6,0,N,NULL
16,GH+,US08-14080,8,0,0,5.5,4,0,0,0,0,5,2,3,8,3.5,0,0,0,0,8,0,0,G,GH+
17,GON,US08-15242,0,8,0,0,0,0,0,0,0,0,0,0,8,8,6,4.5,0,0,0,7,0,N,GON
18,GON,AS06-1246,0,7.5,4.5,0,0,0,1.5,2.5,0,0,0,0,8,8,0,0,0,0,0,6,0,N,GON
19,GON,AS06-6033,0,8,6,0,0,0,4,1,0,0,1.5,2,8,7,2,0,0,2,4,7,0,N,GON
20,GON,AS06-6518,0,8,0,0,0,0,0,0,0,0,0,0,8,8,7,0,0,0,6,0,0,N,GON
21,GON,AS06-7217,0,8,3.5,0,0,0,2,3,0,0,0,1,8,8,6,0,0,0,0,6,0,N,GON
22,ACTH,AS06-13040,0,0,0,0,0,7,0,0,0,8,6,2.5,8,8,0,0,0,2.5,0,8,8,D,ACTH
23,GON,AS06-34361,0,7,4,0,0,0,0,0,0,0,0,4,8,8,0,0,0,0,0,8,0,N,GON
24,GON,AS06-33344,0,8,7.5,0,0,0,2,4.5,0,0,0,3,8,8,0,5,0,0,1,7,0,N,GON
25,GON,AS05-3390,0,8,0,0,0,0,0,1.5,0,0,0,2.5,8,8,0,0,0,0,0,8,0,N,GON
26,GH+,AS05-6718,8,0,6,6.5,6,0,0,0,0,8,4,3,8,3,3,0,0,5,4,0,0,G,GH+
27,GON,AS04-3812,0,8,4.5,0,0,0,4.5,0,0,2,0,0,8,8,4.5,0,0,0,0,7.5,0,D,GON
28,NULL,AS04-4668,0,0,2,0,0,0,0,0,0,0,0,2,8,7,0,0,0,0,0,0,7,N,ACTH
29,PRL,AS04-5614,8,0,0,8,0,0,0,0,0,4,0,1,8,0,8,5,0,2,0,0,0,D,PRL
30,GON,AS07-2076,0,7.5,4,0,0,0,0,0,0,0,0,0,8,8,0,0,0,0,0,6,0,N,GON
31,GON,AS07-1450,0,6.5,5.5,0,0,0,0,0,0,0,0,1,8,8,0,0,0,4.5,0,8,0,N,GON
32,GON,AS07-3514,0,8,3,0,0,0,3,0,0,4,0,0,8,8,7.5,5.5,0,2,4,8,0,D,GON
33,GON,AS07-6129,0,8,1,0,0,0,0,0,0,5,3,1,8,8,1,0,0,0,0,7,0,D,GON
34,GON,AS07-8819,0,8,4,0,0,0,3,5,0,4,0,0,8,8,2,4.5,0,0,0,7,0,D,GON
35,GON,AS08-30796,0,6,4,0,0,0,0,3,0,0,0,0,8,8,1,0,0,3,3,7,0,N,GON
36,GON,AS08-31652,0,7.5,4.5,0,0,0,4,0,0,0,0,2.5,8,8,0,0,0,0,0,0,0,N,GON
41,PRL+,AS07-9740,8,0,5.5,7,0,0,0,0,4,5,3,1.5,8,6,0,0,0,5,8,0,0,M,PRL+
42,NULL,AA09-42,0,0,5,0,0,0,0,0,0,0,0,3,7,8,0,0,0,0,0,0,0,N,NULL
46,PIT1,AS09-7768,8,0,0,0,0,0,0,0,4.5,8,2,0,8,8,0,0,0,0,8,0,0,G,PIT1
47,GON,AS09-9083,0,8,4,0,0,0,0,2,0,5,2,0,8,8,0,0,0,NA,NA,0,NA,D,GON
48,GON,US09-75566,0,5,0,0,0,0,0,0,0,2,1,0,8,8,0,0,0,0,0,7,0,D,GON
49,PlurGH,US09-76482,7,8,6,3.5,7,0,0,0,5,7,2.5,0,8,8,0,0,0,6.5,8,0,0,D,PlurGH
51,PRL,AS09-20651,8,0,0,8,1.5,0,0,0,0,3,2.5,2.5,8,4,8,0,0,2,0,0,0,D,PRL
52,GON,US09-80219,0,8,6,0,0,0,4,3,0,6.5,2,1,8,8,3,0,0,0,0,7.5,0,D,GON
53,GON,AS09-22457,0,7.5,2,0,0,0,0,0,0,0,2,3,4,8,1,0,0,0,0,8,0,N,GON
55,ACTH,AS09-23324,0,0,0,0,0,8,0,0,2,7,2,0,8,7,3,0,0,1,0,7,5.5,D,ACTH
56,GON,AS09-23648,0,0,4,0,0,0,3,0,0,8,2,1,8,8,1,0,0,0,8,5,0,D,GON
57,GON,US09-83573,0,8,0,0,0,0,0,0,0,0,2,0,8,8,1,0,0,0,0,8,0,N,GON
58,GON,AS09-28695,0,8,6,0,0,0,4,3,0,7.5,2,0,8,8,0,2,0,0,0,8,0,D,GON
60,GON,US09-84320,0,8,0,0,0,0,0,0,0,3.5,0,0,8,7.5,1,0,0,1,0,6.5,0,D,GON
61,PRL,US09-85522,8,0,0,8,0,0,0,0,0,6,2,1,8,3,8,1.5,0,8,0,0,0,D,PRL
63,NULL,AS09-33874,0,0,0,0,0,0,0,0,0,0,0,0,8,0,0,0,0,0,0,0,0,N,NULL
64,NULL,US10-70026,0,0,5,0,0,0,0,0,0,8,2,3,8,6,0,0,0,0,0,0,7.5,D,ACTH
65,GON,AS10-666,0,8,0,0,0,0,0,0,0,0,0,0,8,8,2,0,0,0,0,8,0,N,GON
66,GON,AS10-3925,0,8,8,0,0,0,7,0,0,7,0,0,8,8,5,0,0,0,4,7.5,0,D,GON
67,GON,AS10-4663,0,8,0,0,0,0,0,0,0,1.5,0,1,8,8,2,0,0,0,0,8,0,D,GON
68,GON,AS10-7528,0,8,3,0,0,0,5,1.5,0,5.5,0,0,8,8,2.5,0,0,1,0,7,0,D,GON
70,GON,US10-76251,0,8,8,0,0,0,6,6.5,0,0,1,2,8,8,3.5,0,0,0,2,7,0,N,GON
71,GON,AS10-18351,0,8,0,0,0,0,0,0,0,0,0,0,8,8,1.5,0,0,0,0,7,0,N,GON
72,GON,AS10-18609,0,8,0,0,0,0,0,0,0,0,1,3,8,8,5.5,0,0,2,0,8,0,N,GON
73,ACTH,US10-78355,0,0,0,0,0,7.5,0,0,0,8,0,0,8,8,0,0,0,0,0,0,8,D,ACTH
74,GON,AS10-20734,0,8,0,0,0,0,0,0,0,0,2,5,8,8,0,0,0,2,0,8,0,N,GON
75,GON,US10-80659,0,8,1.5,2,1.5,0,0,0,0,2,0,0,8,8,2,0,0,3.5,2,7,0,D,GON
76,GON,AS10-24834,0,2,8,0,0,0,6,0,0,0,4,0,8,7.5,3.5,0,0,1,6,5.5,0,N,GON
77,GON,AS10-26639,0,7.5,2,0,0,0,0,0,0,6,3.5,0,8,7.5,0,0,0,3.5,0,8,0,D,GON
78,GON,AS10-27869,0,8,0,0,0,0,0,0,0,0,2,0,8,8,2,0,0,1,0,8,0,N,GON
79,ACTH,AS09-18582/AZ10-39,0,0,0,0,0,7.5,0,0,0,8,7,1,8,5,0,0,0,1,0,0,8,D,ACTH
80,GON,AS10-33915,0,8,4.5,0,0,6,0,4.5,0,0,4,2,8,8,4,0,0,0,7,0,0,N,GON
81,PRL,US10-85351,7,0,0,8,0,0,0,0,0,3,0,0,8,0,3,0,0,NA,0,0,0,M,PRL
82,PRL,US10-85924,8,0,0,8,0,0,0,0,0,8,0,0,8,3,5,0,0,0,0,0,0,D,PRL
83,PRL+,AS10-38847,8,0,0,4,3,0,0,0,0,8,2,2,8,4,5,0,0,2,6,0,0,G,PRL+
84,GON,AS11-22,0,6,8,0,0,0,6,0,0,6,4,0,8,8,2,0,0,1,0,6.5,0,D,GON
85,GH,US11-71478,8,0,0,1.5,7,0,0,0,0,8,0,2,8,4.5,0,0,0,0,3.5,0,0,G,GH
86,UNK,AS11-4364,0,0,0,2,0,6.5,0,0,0,8,2.5,3.5,8,3,0,4,0,0,0,0,7.5,D,ACTH
87,GON,US11-72000,0,8,2,0,0,0,3,1,0,1.5,3,2,8,8,7,0,0,0,0,2,0,D,GON
88,ACTH,US11-72069,0,0,0,0,0,7,0,0,0,0,0,0,8,3,0,0,0,NA,2,0,7.5,N,ACTH
90,NULL,US11-72660,0,0,0,0,0,0,0,0,0,8,2,4,8,4,0,0,0,4,0,0,6,D,ACTH
91,ACTH,US11-72753,0,0,0,0,0,7,0,0,0,8,0,0,8,8,0,0,0,2,0,0,7,D,ACTH
93,GH,AS11-14765,6.5,0,0,0,6,0,0,0,0,8,2,0,8,5,0,0,0,0,6.5,0,0,G,GH
94,PRL,AS11-16901,8,0,0,8,0,0,0,0,0,0,2,1,8,0,8,0,0,0,0,0,0,N,PRL
95,NULL,AS11-18780,0,0,7,0,0,0,0,0,0,0,2,0,8,7,0,2.5,0,0,0,7,0,N,NULL
96,PRL,AS11-19359,8,0,0,8,0,2,0,0,0,8,2,3,8,2,6,0,0,3,0,0,2,D,PRL
97,GON,AS11-20006,0,8,1.5,0,0,0,0,2,0,0,0,0,8,8,0,0,0,0,0,7,0,N,GON
99,UNK,AS11-21001,0,0,2.5,0,3.5,0,0,0,8,6,0,0,8,8,0,0,0,0,1,0,0,D,UNK
100,GON,AS11-22128,0,8,5,0,0,0,0,2,0,7,2,0,8,8,2,0,0,0,0,8,0,D,GON
102,GON,AS11-27945,0,8,5,0,0,0,0,2,0,7,0,NA,8,NA,NA,NA,NA,NA,NA,NA,NA,D,GON
104,GON,US11-82512,0,8,4.5,0,0,0,1.5,2,0,5.5,0,0,8,8,3.5,0,0,0,0,6.5,0,D,GON
105,NULL,AS11-31340,0,0,0,0,0,0,0,0,0,8,0,0,8,6,0,5,0,0,0,0,8,D,ACTH
106,GON,US11-82615,0,8,5,0,0,0,4,0,0,7,0,0,8,8,8,0,0,0,3,7,0,D,GON
107,GON,US11-83683,0,8,0,0,0,0,0,0,0,3.5,0,0,8,8,1.5,0,0,0,3.5,0,0,D,GON
108,GH+,AS11-34393,8,0,7,6.5,5.5,3.5,0,0,7,6,0,0,8,8,0,NA,0,NA,NA,NA,NA,D,GH+
109,NULL,US11-84148,0,0,1.5,0,0,0,0,0,0,8,1,0,8,8,0,4,0,0,0,0,7,D,ACTH
110,ACTH,US12-71292,0,6,0,0,0,8,0,0,0,8,0,0,8,7.5,0,0,0,0,0,0,8,D,ACTH
111,GON,AS12-7758,0,8,6,0,0,0,4,3,0,7,0,0,8,8,4,0,0,0,3.5,8,0,D,GON
112,GON,US12-72164,0,5.5,1.5,0,0,0,0,0,0,0,0,0,8,7.5,0,0,0,0,3,7,0,N,GON
113,PlurGH+,US12-72665,8,7,7.5,0,7,0,0,0,5,7.5,0,0,8,7.5,0,0,0,0,6,0,0,D,PlurGH+
114,GON,AS12-13768,0,7.5,2,0,0,0,0,0,0,8,0,0,8,8,4,0,0,0,0,NA,NA,D,GON
115,GON,US12-73496,0,8,5,0,0,0,3,0,0,0,0,0,8,8,5.5,0,0,0,2.5,0,0,N,GON
116,GON,US12-73901,0,8,4,0,0,0,0,1.5,0,6.5,0,0,8,8,0,0,0,0,3,6,0,D,GON
117,GON,AS12-20290,0,8,0,0,0,0,0,0,0,7,0,0,8,8,3,0,0,0,2,0,0,D,GON
118,ACTH,US12-78050,0,0,0,0,0,6.5,0,0,0,8,4,0,8,7.5,0,0,0,0,2.5,0,8,D,ACTH
119,NULL,US12-78429,0,0,3,0,0,0,0,0,0,8,0,0,8,7,0,0,0,2,0,0,8,D,ACTH
120,GON,US12-79099,0,7,0,0,0,0,0,0,0,0,0,0,8,8,5,0,0,0,0,0,0,N,GON
121,GON,AS12-46489,0,8,3,0,0,0,3,0,0,0,0,0,8,3,0,0,0,0,0,7,0,N,GON
122,PRL,AS12-47006,8,0,0,8,0,0,0,0,0,7,1,0,8,5.5,8,2,0,0,0,0,0,D,PRL
123,GON,US12-80183,0,8,6,0,0,0,5.5,2.5,0,7.5,0,0,8,8,6,0,0,0,0,7.5,0,D,GON
124,NULL,US12-80418,0,1,5,0,0,0,0,0,0,8,0,0,8,8,0,0,0,1,8,0,6,D,ACTH
125,GON,US12-80565,0,8,2,0,0,0,0,0,0,0,0,0,8,8,0,0,0,0,0,8,0,N,GON
126,GH,AS13-4913,8,0,0,0,4.5,0,0,0,0,8,3,1.5,8,5,0,0,0,0,6,0,0,G,GH
127,GH+,US13-71291,8,0,5,7,3.5,0,0,0,0,8,0,0,8,6,5,2,0,8,7,0,0,G,GH+
128,GH,AS13-9143,8,0,0,0,7,0,0,0,0,8,3.5,0,8,7.5,0,0,0,0,6,0,0,G,GH
129,UNK,AS13-9283,6,6,8,0,7,0,0,0,4.5,8,0,0,8,4,0,0,0,6,6,0,0,D,UNK
130,PRL+,AS13-10990,8,0,6,8,5,0,0,0,0,8,4,0,8,7,5,0,0,8,6,0,0,G,PRL+
131,GON,AS13-14267,0,4,4.5,0,0,0,0,0,0,0,2.5,0,8,0,0,0,0,1,0,8,0,N,GON
132,PRL,AS13-16867,8,0,0,8,0,0,0,0,0,8,4,3.5,8,4,8,0,0,0,0,0,0,G,PRL
134,GON,AS13-19984,0,4,4.5,0,0,0,3,1,0,0,0,0,8,8,0,0,0,0,1,7,0,N,GON
135,GON,AS13-20467,0,8,1.5,0,0,0,0,1,0,0,0,0,8,6.5,0,0,0,0,2,6,0,N,GON
136,ACTH,US13-74838,0,0,0,0,0,7,0,0,0,7,0,0,8,3,0,0,0,4,0,0,8,D,ACTH
137,PlurGH,AS13-30867,7.5,7.5,6,1,5,0,0,0,0,8,0,0,8,8,0,0,0,0,0,0,0,D,PlurGH
138,GON,AS13-32033,0,6,5,0,0,3.5,1.5,0,0,8,0,0,8,8,3,0,3,0,0,7,3,D,GON
140,GON,AS13-44937,0,8,2.5,0,0,0,2,0,0,8,0,0,8,8,4.5,2,0,0,0,8,0,D,GON
141,GON,AS13-45897,0,7,3,0,0,0,0,0,0,4.5,0,0,8,8,0,0,0,0,0,8,0,D,GON
142,GON,AS13-53274,0,7,3.5,0,0,0,0,0,0,6.5,0,0,8,8,0,0,0,0,0,8,0,D,GON
144,ACTH,AS13-56332,0,0,0,0,0,7,0,0,0,8,0,0,8,2,3,6,0,0,NA,NA,NA,D,ACTH
145,NULL,AS14-8450,0,0,0,0,0,0,0,0,0,0,0,0,8,8,0,0,0,0,0,0,0,N,NULL
146,NULL,AS14-12056,0,0,0,0,0,0,0,0,0,7,4,0,8,4,0,0,0,3,0,8,0,D,NULL
147,PlurGH+,AS14-14130,8,7,0,5,4,0,0,0,0,8,0,0,8,8,0,0,0,2,3,0,0,D,PlurGH+
149,NULL,AS14-16181,0,0,0,0,0,0,0,0,0,0,0,0,8,8,0,0,0,0,0,NA,0,N,NULL
151,PRL+,AS14-26550,8,0,0,7,5.5,0,0,0,0,8,2.5,1.5,8,6,3,0,3,0,1,0,0,G,PRL+
152,GON,AS14-29239,0,6.5,1,0,0,0,0,0,0,7,0,0,8,8,0,0,0,0,0,7.5,0,D,GON
153,GON,AS14-30726,0,8,1.5,0,0,0,0,2,0,4,0,0,8,8,4.5,0,0,0,0,8,0,D,GON
154,NULL,US14-75361,0,0,0,0,0,0,0,0,0,7.5,0,0,8,5,0,0,0,NA,0,0,0,D,NULL
155,PRL,AS14-36645,8,4,0,6.5,0,0,0,0,0,7,1,0,8,6,0,0,0,0,0,0,0,D,PRL
156,TSH+,AS14-38698,8,0,8,4,2.5,0,0,0,8,7.5,0,0,8,8,2,0,0,2,8,0,3.5,D,ACTH
157,ACTH,AS14-39653,0,0,0,0,0,8,0,0,0,8,0,0,8,6,0,0,1,0,0,0,7.5,D,ACTH
158,NULL,US14-76557,0,0,0,0,0,0,0,0,0,0,0,0,7.5,7,0,0,0,0,0,0,0,N,NULL
162,GON,HS-15-0032918,0,8,5,0,0,0,2.5,4,0,4.5,NA,NA,NA,NA,0,NA,0,2,0,6.5,0,D,GON
163,GON,HS-15-0021890,0,6,0,0,0,0,0,0,0,0,NA,NA,NA,NA,0,NA,0,1,0,8,0,N,GON
164,UNK,HS-15-0026349,0,0,0,0,0,3,0,0,0,6,NA,NA,NA,NA,0,NA,0,7,4,8,8,D,ACTH
165,GON,HS-15-0027449,0,8,3,0,0,0,0,0,0,0,NA,NA,NA,NA,0,NA,0,NA,0,8,NA,N,GON
166,GON,HS-15-0031370,0,8,1.5,0,0,0,0,5.5,0,0,NA,NA,NA,NA,0,NA,0,0,0,7,0,N,GON
167,GON,HS-15-0013849,0,8,0,0,0,0,0,0,0,0,NA,NA,NA,NA,0,NA,0,4,0,8,0,N,GON
168,GON,HS-14-0014911,0,8,4.5,0,0,0,0,2.5,0,2.5,NA,NA,NA,NA,3,NA,0,2.5,4.5,6.5,0,D,GON
169,GON,HS-14-0008692,0,7.5,6,0,0,0,1,2.5,0,0,NA,NA,NA,NA,3.5,NA,0,3.5,0,7,0,N,GON
170,GON,HS-14-0027294,0,7.5,8,0,0,0,5,6,0,1.5,NA,NA,NA,NA,0,NA,0,1,0,8,0,D,GON
171,GON,HS-15-0005759,0,6.5,7.5,0,0,0,6,3,0,6,NA,NA,NA,NA,0,NA,0,3,0,8,0,D,GON
172,GON,HS-15-0006700,0,8,4,0,0,0,0,5,0,0,NA,NA,NA,NA,4,NA,0,0,0,5.5,NA,N,GON
173,ACTH,HS-15-0028110,0,0,3.5,0,0,7,0,1,0,4,NA,NA,NA,NA,0,NA,0,2,2,8,NA,D,ACTH
174,ACTH,HS-15-0012330,0,0,0,0,0,6,0,0,0,8,NA,NA,NA,NA,0,NA,0,3,0,0,8,D,ACTH
175,NULL,HS-15-0010144,0,0,0,0,0,0,0,0,0,0,NA,NA,NA,NA,0,NA,0,5,0,1,0,N,NULL
176,UNK,HS-15-0009322,6,0,0,0,0,6,0,0,0,7,NA,NA,NA,NA,0,NA,0,2,0,0,4,D,ACTH
177,ACTH,HS-14-0026043,0,0,0,0,0,6,0,0,0,8,NA,NA,NA,NA,0,NA,0,0,0,0,8,D,ACTH
179,ACTH,HS-14-0024484,0,0,5,0,0,6,0,0,0,8,NA,NA,NA,NA,0,NA,0,2,0,0,7.5,M,ACTH
180,PlurGH,HS-15-0030978,8,8,7.5,0,6,0,0,1.5,0,8,NA,NA,NA,NA,0,NA,0,3.5,3.5,0,0,M,PlurGH
181,GH+,HS-13-0013998,8,0,8,0,6,0,0,0,6,8,NA,NA,NA,NA,0,NA,0,6.5,8,0,0,M,GH+
182,PRL+,HS-13-0019960,8,0,4.5,5,4,0,0,0,0,6,NA,NA,NA,NA,1,NA,0,6,7.5,0,0,D,PRL+
183,PRL,HS-13-0020613,8,0,3.5,8,0,0,0,0,0,6.5,NA,NA,NA,NA,7,NA,0,7,3.5,0,0,M,PRL
